idx,Baso,Mast,Monocyte,Neutrophil,Eos,Erythroid,Ccr7_DC,Lymphoid,Meg,pDC
13199,0.0003002043527817252,0.00196965450370969,0.7326943989823966,0.23186804854751233,0.0007878282998494685,0.003757875778313137,0.007761446399896887,0.009005171528699694,0.009257381315594778,0.002597990291245573
13210,0.0006770841874065251,0.004402613414665844,0.4459608902168763,0.4855731498963176,0.0030035015822295506,0.004089681676075362,0.01506350475438847,0.01329900536775171,0.02506374179836098,0.002866827105927657
13226,0.0004930422898445452,0.004777090712551384,0.00579898556593796,0.04301165786378915,0.0008939660923184599,5.171559467905756e-05,2.2788174760111363e-05,6.520461993929161e-05,0.9448718678822858,1.3681203894249974e-05
13235,0.003373848734684851,0.03851081759785494,0.020964683892463025,0.05470955146951887,0.003809644953398724,0.00018033545866101114,3.562125087230344e-05,0.00010469969045157239,0.8782886919250069,2.210502708788181e-05
13256,1.9768859044173713e-10,1.2849921468659144e-09,0.9507855177455559,0.041655116577683664,2.0273476029542526e-08,0.007559321093615641,2.2224665401475652e-08,1.207035395816875e-10,4.383687763453872e-10,4.3250436700929204e-11
13258,2.8284313716580762e-08,1.2268185962834826e-07,0.0031884824152978433,0.9967999063579045,4.854973006260863e-07,1.0100646483907977e-05,2.702583527509735e-07,6.660580720194589e-08,5.217805824596083e-07,1.5472097314032217e-08
13259,1.8191097557894894e-13,6.346113427775013e-13,0.0020070857959082903,0.997992265658769,1.0588568925192968e-07,5.426437913621824e-07,2.4004336355418938e-17,7.867368809460512e-18,1.5025541701807002e-11,1.9479348644686406e-18
13260,0.030820071351211904,0.1035063818664755,0.20674468454372855,0.3449446109137154,0.2671834525348548,0.0005643359976953129,0.00015194101172945606,0.00022009550736812482,0.04581902342189642,4.5402851324471655e-05
13266,6.194148350841322e-05,0.0003450842095241907,0.14877742904683106,0.8263787642362818,0.0003224063773183116,0.001296410418486991,0.0005872878132081922,0.00044431715255859966,0.021675263086036015,0.00011109617624655192
13274,0.0014323078006937945,0.0065441537991682746,0.29020077666205807,0.6430165278418388,0.011150812240056233,0.0024801766276766612,0.009381641550080554,0.0045931098151590615,0.030223931458394616,0.0009765622048737531
13291,0.00021686576140993413,0.001050238203065088,0.19663972144341668,0.7866816305846059,0.0010369239429201134,0.0019520133479267287,0.0004380099983163123,0.0005920877480921729,0.011241983143030862,0.0001505258272161344
13300,3.835198531523375e-09,1.546146223407943e-08,0.0028229068947054976,0.9971750459776759,1.737687390728682e-07,1.7827217972211394e-06,1.2509376150187462e-08,5.519898293192118e-09,5.2041469239172885e-08,1.2696778043197003e-09
13302,2.1125027031110558e-13,7.360710699153969e-13,0.002080988823105568,0.9979183474893792,1.2013347856350203e-07,5.435359582956619e-07,1.7415091568543484e-15,7.52735173905816e-16,1.7128091257365063e-11,1.900332685425721e-16
13313,0.00017884643966329771,0.00104406784997455,0.3555940568494117,0.6241610657530482,0.0010120743084439765,0.002710895010745881,0.006283802646078378,0.0022408699622581177,0.0062631132586515054,0.0005112079217243141
13314,0.0021010096135888738,0.01890790484961977,0.4633837741505891,0.27355693996323927,0.005475761320364678,0.003291861463767677,0.016071440049356192,0.054536087379989426,0.15178774949687615,0.01088747171260899
13322,5.176477467459483e-07,2.247833937394916e-06,0.007605654968190416,0.9922827803898884,7.2178183939745375e-06,8.713381703307831e-05,3.6671079264023116e-06,1.1993643618135367e-06,9.305106506837919e-06,2.759460149873445e-07
13341,2.817898361290106e-05,0.00015764231493641738,0.28004693010864407,0.7150680776490562,0.00013550401150039398,0.00302524614009955,0.00025631113195034546,0.0001466151931289442,0.001099158300855937,3.633616621526563e-05
13350,5.088483003771988e-05,0.00024585936895782823,0.10364876163534412,0.892263928517177,0.00030774331217222684,0.001100491896890108,0.00017534663592518705,0.00015169778946013424,0.0020179443413006885,3.734167273518053e-05
13352,0.0009406126620443359,0.0076340729744911184,0.7037727045671854,0.10946385822187392,0.0014337358985465928,0.001944053182747893,0.03157966062711078,0.07931938478885456,0.04313518378704829,0.02077673329009699
13353,0.06655894816452011,0.2829204729789213,0.23711531684087755,0.11972000664627709,0.2224332425617827,0.0006177020081416693,6.35763214146783e-05,0.00011530813371491601,0.07043137647820602,2.4049866143992337e-05
13361,1.808770077519828e-08,7.076545462161168e-08,0.0037717083551908176,0.9962137465324583,4.118648790028811e-07,1.3752673734286185e-05,8.148813482373871e-08,2.2593184746774602e-08,1.825439107523521e-07,5.0953518739589415e-09
13366,0.002382140010561418,0.01798141296742409,0.44448189895805906,0.31549153595478036,0.007364195847729795,0.003631690988954433,0.011962563835708713,0.04352524288077989,0.1446095317482034,0.008569786807798987
13371,0.0021248151801161303,0.015483491399392557,0.4029965365500341,0.36866486133330856,0.00770022040152171,0.0034384582584541397,0.01190761283508895,0.031194977110980616,0.15003367142866483,0.006455355502438438
13375,1.5127691657772465e-06,7.543722715068709e-06,0.13990083912919601,0.8586440358924052,1.2549621476718888e-05,0.0013504395738827544,3.9903858541449705e-05,5.5838619108061095e-06,3.626700067965129e-05,1.324570026520333e-06
13389,0.06274786403357803,0.21278004660546307,0.29388257077415114,0.023809354675709774,0.33934210975773677,1.588663518529084e-05,6.534642811438347e-07,1.3766246288433336e-06,0.06741985774695052,2.796823155346751e-07
13401,0.030862033668396897,0.10242675465191657,0.2085203581862586,0.3917325860104288,0.21169255438272816,0.0008099673646323861,0.0002959703021791961,0.00043470746291825353,0.05313659547161147,8.847249892956496e-05
13407,0.0028668269088799763,0.016803617829395188,0.34243941601842665,0.43118796277903104,0.01322062102807083,0.003249050839858076,0.006084588139935746,0.02391746988164511,0.15560417507465515,0.00462627150010215
13418,0.05885056589366973,0.19290813785016842,0.3114104540121325,0.02069731203422687,0.34241482238596826,5.027707823925963e-06,9.600245499960392e-10,1.2580123754928828e-09,0.07371367757957667,3.1839660334530204e-10
13419,0.0557097693616737,0.1705193063581843,0.26698981241403963,0.1271794545071694,0.32279715207346255,0.0002751555102247547,3.193809686621636e-05,4.935396265194343e-05,0.05643757672124502,1.0480994482482508e-05
13434,0.0011779085200197895,0.008870107171762712,0.017772499741802592,0.08472839300382373,0.003095542798458317,0.00023708187617222572,0.00015034693208349251,0.00032025831444579744,0.8835794432508314,6.841839060008519e-05
13437,0.013913958252723202,0.051947537642156524,0.22790431717778775,0.5095992279833496,0.11087406111126993,0.0023153537156603257,0.0016403481010549628,0.00224773791615513,0.07911717370675257,0.0004402843930900083
13456,7.86452603562314e-06,3.355530915213519e-05,0.18652042767191493,0.8116983033918383,6.575577587346451e-05,0.0012369037993891724,0.00026463834932387173,3.2506450255535984e-05,0.0001325218960764483,7.522830140452286e-06
13463,0.0003932521635118764,0.0028632912306757615,0.8066874241505897,0.09760049021319224,0.0007676771360287697,0.0028789800672924357,0.01739581754629838,0.04214972877591634,0.017312949042015406,0.011950389674479157
13483,2.9280229317701246e-05,0.0001679291193855701,0.5185787079356566,0.4711025852706472,0.00017006486901895233,0.0037838203876599487,0.004789886421582883,0.0003885910802178535,0.0008994082978339378,8.972638867933975e-05
13484,2.948793851571425e-05,0.00015154360835217996,0.15917608071172754,0.8370258190862842,0.00022296964426771654,0.0014094802938395118,0.0007287158467648499,0.00018854312551972368,0.0010233572223927866,4.400252233584958e-05
13489,0.012794663337715562,0.051884852504640165,0.17072717912377025,0.5809436534648458,0.1050852691864667,0.002095633890696498,0.0009288021681487874,0.0014167686631600068,0.07383375662080562,0.0002894210397506447
13495,0.0005801500810860303,0.0033056836664617116,0.32485781448093776,0.6315072089873901,0.002163339066373329,0.0030297929769619383,0.001910851761694921,0.0029362550766293687,0.028971726259652147,0.0007371776428125524
13498,3.532474579148627e-05,0.00016344195609069553,0.10229952448901518,0.8945170999672933,0.0003596922178131666,0.0010704381581866835,0.0005505698326399623,0.00014677142924057193,0.0008238988224122919,3.323838151672209e-05
13506,1.734304677980453e-15,1.1977500416596203e-14,0.9999895405996735,4.401825426232962e-15,1.4842139728106242e-15,1.9816677585228005e-08,4.2755604545331737e-07,2.7547399443102044e-07,1.003242386154043e-13,9.736553489088929e-06
13512,4.458655676130573e-05,0.00019545441795760626,0.0681925009577646,0.9289328728319465,0.0005030420767237379,0.0009819488691821892,0.00023430804024252445,9.977250352421316e-05,0.0007929905637940127,2.252318210329033e-05
13523,0.0023551911149507125,0.0087133735423051,0.09433151417442948,0.8295468055354496,0.049194080549864024,0.0011358446002283202,0.0006142135973663627,0.000682673230845985,0.013287290167677027,0.00013901348688327036
13525,4.340890390627934e-06,2.0180410509520538e-05,0.2673152674091829,0.7267085801219942,4.371896220246598e-05,0.005719303177260943,0.0001068373705567879,1.486905890504197e-05,6.354534131301263e-05,3.3572576844423996e-06
13526,0.00047131625057157624,0.002077650418239516,0.16287824359387343,0.8167125362997754,0.00697092081454565,0.002414662783013175,0.001553356638631481,0.001085213820175627,0.005605433987397609,0.0002306653937766153
13558,8.193865989707123e-06,4.0313928549554946e-05,0.06157637817276548,0.9372575485226802,6.891065163322817e-05,0.0005536356298986811,0.00014439118585024872,4.083852935730542e-05,0.0003001563052762938,9.63320799922194e-06
13562,8.772149356830621e-06,4.195967184613265e-05,0.05494558597519574,0.94394358197357,5.377162091998746e-05,0.0005577052349966664,3.5840339517760764e-05,2.448924371504933e-05,0.00038228525375859004,6.008537123348107e-06
13567,0.0030393184034826384,0.019325478276590844,0.4424782822245743,0.26631212302038654,0.01026948478374791,0.0031353695695455633,0.013573511841491682,0.04472869936424659,0.1884973997678183,0.008640332748115532
13588,0.0004196123613253523,0.0020253090838474154,0.38488356634587706,0.5941335265083073,0.0021229986748346917,0.0035646681694305104,0.0014472356252338606,0.0017855965391459071,0.009161263602223954,0.00045622308977410407
13592,5.31766978270033e-06,2.3485934153039603e-05,0.035350687023703316,0.9638845163698428,6.347829167038606e-05,0.0005235373781277511,2.1440087056281635e-05,1.1087204214747259e-05,0.00011384964829157034,2.600393157059663e-06
13609,0.01007123503725097,0.05118377945659578,0.22599517733001262,0.4923327837621764,0.05483992360548804,0.004917460339889603,0.002010171102647394,0.0038098647487817263,0.1540315944764751,0.0008080101406824404
13611,9.048457267172858e-05,0.0005117549186010614,0.21093283170315025,0.7806921441289862,0.00047196099079091443,0.0021193761843858786,0.0010316582562344347,0.0006019263413789027,0.0034022257431184045,0.0001456371606821259
13614,0.00029206832266377193,0.0017181284152265664,0.4655164077973746,0.49925677547303693,0.0015763974871085562,0.0031967492670291467,0.011744049434273013,0.0047611313196473165,0.010824631063730723,0.0011136614199095775
13616,5.1909089764500385e-05,0.00030100231692337445,0.43156179181915977,0.5588057719996589,0.0002797882384366059,0.003002523227179547,0.0033604660544484326,0.0007706717228450684,0.001682119894735554,0.0001839556368483122
13621,0.0008398792586480563,0.006822337197792535,0.5110832611975027,0.34606708605094705,0.003312902557580236,0.003920786022444219,0.0359439353187267,0.031025678935636403,0.05480747554722186,0.006176657913500335
13639,3.359366480622663e-05,0.00013787947900338902,0.03857165247250911,0.959836724487569,0.00022181106312177406,0.00043131774809435796,5.263126083185391e-05,4.247709031054495e-05,0.0006616638191222848,1.0248914631549928e-05
13642,5.680945330434618e-05,0.0003000456146713441,0.1622203971381801,0.8306415793489167,0.00034396232759647497,0.0015781922670277434,0.0005305609239349422,0.0002820041787491538,0.0039784732843316396,6.797546328729466e-05
13652,0.07143079039901874,0.8752993655598209,0.04878261873898725,0.00020066602505253313,0.0034656495270596784,5.99480052954028e-08,3.833015178561837e-10,8.238483775554691e-10,0.000820848415472916,1.794328397682469e-10
13656,3.807996228793456e-08,1.507109798098507e-07,0.0034650085575640083,0.9965199723976891,8.060318078480497e-07,1.3355499006003226e-05,1.6929921971393335e-07,4.9620745083519466e-08,4.3848054455155456e-07,1.132248155477683e-08
13663,0.055649046202374576,0.7566628301840403,0.08338279178235916,0.021977349559338603,0.03406186662030988,0.00023269461248113087,2.874295212914433e-05,6.368747503190036e-05,0.04792801365536299,1.2976956572505814e-05
13678,0.010759087739250784,0.0543963944343331,0.20661417155708567,0.43741767662171294,0.060462486863884335,0.0028494524214845722,0.00217269276634695,0.005359605921353731,0.2188692013406257,0.0010992303339221886
13681,3.210588642229259e-05,0.0001585439888822722,0.15976488967671557,0.8354241063109468,0.00023694859970780106,0.0014051591964845038,0.00033442886422820436,0.00013299820358753033,0.0024791410312433163,3.1678241781656176e-05
13697,2.4690127313669673e-05,0.00010647247321532517,0.06142960702662217,0.9367313075349137,0.00030444956463960724,0.0005898395265239952,0.0002422730425325497,7.062936207635465e-05,0.00048460370018242203,1.6127641980273242e-05
13719,0.05080587921110051,0.9158498206021781,0.02893662209987414,0.000282510170436922,0.0025870149746391657,1.6442499594290683e-06,2.519571363795014e-07,1.3007640654535928e-06,0.0015346639691403421,2.920014696291339e-07
13725,0.0005580644617743178,0.0019569055220206304,0.08284418291326737,0.8736447545063522,0.037167454357350256,0.00103544743660708,0.0003164701573492394,0.00020978042288972006,0.0022224296664164517,4.4510555972793376e-05
13742,0.0002280519728709744,0.0013632062383040467,0.5870113084229367,0.3771027645919472,0.0011663872169179808,0.0034515890581134413,0.014819743044694394,0.004965430913105084,0.008721667293013307,0.0011698512480969407
13752,8.66915024080082e-07,4.484274389426734e-06,0.34292737164716613,0.6533418790597579,1.0963790304906832e-05,0.003664638859138542,1.2116632695414229e-05,3.2068991559552225e-06,3.367493568795275e-05,7.969866797563272e-07
13760,0.0016884833567881233,0.014931350353804825,0.4447079173495247,0.3263316422776408,0.005470350326597361,0.0034582175653235098,0.022826882516614536,0.04704023299153824,0.12437889623100722,0.00916602703116078
13763,0.00011228360835537384,0.00046722167668850415,0.07234942777260792,0.9229425133679301,0.0009799344402575036,0.0010501364396053015,0.0002984555718543239,0.00017790209757668923,0.0015815594953200497,4.056552980403224e-05
13765,0.0002678051220530096,0.0014284316440236057,0.21231580636781427,0.7665468312767942,0.0018852181874978707,0.002118212708118309,0.004333329727100676,0.00181642814070577,0.008888828607761398,0.0003991082181309336
13769,0.0001484358335612758,0.0008539909857225976,0.30174631940257984,0.6852087914353309,0.001051860928830002,0.005601119833417898,0.0020274564037435897,0.0007897018963972799,0.0024005014299738913,0.00017182185044274298
13780,2.8884045625076928e-05,0.0001510936523657958,0.12052723887651842,0.8759185129300395,0.00019113120860434076,0.0011684310102334956,0.0003601134319203596,0.00015076833127342467,0.0014677616144329936,3.606489898668353e-05
13786,0.0025786340362454765,0.015148997100800813,0.48971295841491236,0.21078918023738263,0.008204455746267011,0.002962344208916014,0.017564164112048763,0.039880131064317786,0.2041984384838602,0.008960696595248976
13803,8.680926041734512e-13,3.0265815646826545e-12,0.0075175026436247894,0.9924798508197531,4.925275330909921e-07,2.153934767736093e-06,3.6708121512960394e-14,4.6048476580131366e-15,7.038422672221141e-11,1.0257790087490937e-15
13804,6.923441790190879e-05,0.00040459843950837424,0.4075554865406959,0.5826265390344672,0.0003125319290063132,0.0036195594457358307,0.0011584994782714618,0.00043158541959710414,0.003716519303183556,0.00010544599163248498
13816,3.186139047758662e-05,0.000155099313002686,0.23419674674312047,0.7609507600437138,0.0002537006091010256,0.0017130888603277272,0.0016243205591666924,0.0002521076530005985,0.0007650299174417836,5.728491064771513e-05
13817,0.0004913605784891133,0.0034415376004222537,0.6904197832296078,0.22671996896988827,0.0012146372942235205,0.003315204068976145,0.01603229789106723,0.031194183390058344,0.019074562127699098,0.008096464849568306
13824,5.806723718844675e-07,2.668380931212129e-06,0.013425373469066967,0.9864061194289958,6.2017444269464995e-06,0.0001354997212304617,7.78276014771359e-06,1.89957888798827e-06,1.3431118732591147e-05,4.4312520839713844e-07
13827,6.059951336940422e-05,0.00032317414229471824,0.21323130072101612,0.7792940698647388,0.00038985281471639346,0.0018853414037201459,0.0010794665945788985,0.00039472477021387716,0.003247468108640845,9.400206671082026e-05
13839,5.5006734570559173e-05,0.00023841855313112007,0.08912305970265869,0.907467613345891,0.0003558596688571202,0.0010320143115318731,0.00011143649262476758,9.521414172642432e-05,0.001498174522843968,2.3202526164457977e-05
13842,4.200658787527011e-07,1.9958507542307844e-06,0.09845006890107103,0.9005363358376087,3.7261805951694617e-06,0.0009621586700773197,3.519866617764295e-05,1.4274335716299956e-06,8.329710544316995e-06,3.386837213087347e-07
13876,3.730542683246113e-05,0.0002281725414033838,0.8690361793628038,0.11856054523495949,0.00014508659877210294,0.0032380413848201043,0.005877341910455722,0.001324385378910833,0.0011963141803785172,0.00035662798066353837
13879,3.927183565453498e-06,1.975095995945023e-05,0.13624650897391694,0.8618490188334181,3.314118379011647e-05,0.001674928614783223,3.3898796326556426e-05,1.3345388703645187e-05,0.00012224690647782868,3.233159058663284e-06
13880,5.0276587241020674e-05,0.0002652404910702013,0.11365900246433307,0.8816642143135383,0.0003570381857382163,0.0011997799968772654,0.0007393291441412357,0.0002886932683699728,0.0017108462763479348,6.557927234266176e-05
13882,0.06505806043550601,0.19786457765715268,0.29403051334285346,0.08187847878227611,0.29074360749679673,0.00028742428410453443,3.1382867070406304e-05,5.319847482406358e-05,0.07004056000625027,1.2196653165722682e-05
13887,0.0012158367672992052,0.006540176702376481,0.34263730640595846,0.556198562018068,0.007440831313125241,0.003331536800421932,0.01870753261989113,0.010181753902811706,0.05167262296350185,0.0020738405065458794
13892,2.4431657578968318e-09,1.0298185923528384e-08,0.010445022095555243,0.9894575640012349,1.7585868076044836e-07,9.71332390158456e-05,4.5780662696237825e-08,4.905356375707754e-09,4.02146157992909e-08,1.1635270138414873e-09
13895,0.0002706665476289204,0.002564500503701431,0.004656402394393866,0.025704019155202734,0.00046513538171224865,2.728915461181398e-05,8.999609119952182e-06,2.090324527793439e-05,0.9662775968890889,4.487119262120474e-06
13897,0.0004537574983659224,0.0036215739014161807,0.7727869416013082,0.1320432431018748,0.0008129332740194754,0.003486472159270225,0.02600724891586516,0.03341995261796227,0.01817047841935887,0.009197398510559073
13911,1.196012557162009e-16,7.440709669437557e-16,0.9994825727366153,3.7766348317420165e-08,1.4221373834881092e-13,0.0005173894968381824,5.462516078448798e-14,1.9533640006093294e-16,1.9088726126207754e-16,1.9945644688888562e-16
13913,0.002606176832479072,0.019171890533499027,0.4160550838072514,0.31312096934207756,0.008882726154139108,0.0033323044765080994,0.012311279345575951,0.045283880283871994,0.17068627633226868,0.008549412892329081
13933,2.3997527949181248e-12,1.3743511676285223e-11,0.9913064016380397,0.0015091627369149007,2.2033738487849114e-09,0.007184429867667738,3.5120493209310174e-09,5.840641881934944e-12,1.7928894806218568e-11,2.041538346275189e-12
13940,0.02191744780657776,0.2039488140328114,0.1136680658044453,0.11082255478755795,0.03709237048051561,0.001754029314472735,0.000282137969345658,0.0006911615124065172,0.5096827751323932,0.00014064315947389224
13941,0.001323702521312396,0.010868631246788309,0.4891544532828972,0.3436537032066043,0.004586975845510909,0.004241317655696662,0.017245914262617578,0.040406827782372756,0.08035431638342819,0.008164157812771917
13964,0.003196743276152702,0.025045278032492957,0.385156903708774,0.2885911264831425,0.010705600533245546,0.002947028134612627,0.011826404579112788,0.05492848505606931,0.2081539306174463,0.009448499578951232
13966,0.04122791844613562,0.15021991148412467,0.23416637721698158,0.27666591938564294,0.20325357282359607,0.0011112469133564686,0.00019908744606506466,0.0003442025144187792,0.09274020045697684,7.156331270186308e-05
13981,1.1548093804936767e-06,6.134003982350206e-06,0.431405583461084,0.5647564198286033,9.048018550943607e-06,0.0037456019188066474,4.381187627795252e-05,4.43410368302099e-06,2.6749437240327235e-05,1.0625423911522056e-06
13989,1.2439092077439576e-07,6.827455691405733e-07,0.5538776963846115,0.4409204016996801,8.066143770717073e-07,0.005174099623503969,2.3022283600759075e-05,4.4000012793515376e-07,2.6156653378008685e-06,1.1059227099513675e-07
13991,0.0006329487924565954,0.005185643608998304,0.008608599114164542,0.05428101275042454,0.001496495601148716,8.018201247669454e-05,3.349315960869643e-05,7.166628767991079e-05,0.9295945554071295,1.5403265912423237e-05
14007,0.0011595925986152584,0.01062966398596296,0.01244395125065372,0.035027089642989416,0.0022192248481368022,0.00011337204217578465,3.7750678648898745e-05,7.883056411618381e-05,0.938273556679691,1.6967709009900455e-05
14009,2.5387080654494447e-08,1.1776543329778217e-07,0.713115448584266,0.28110853756723786,2.527139427453002e-07,0.005760326879272488,1.497997716798525e-05,6.026520537180045e-08,2.3469276077416e-07,1.6167632612525468e-08
14011,1.6042179037005344e-08,3.264110193274797e-07,2.674554658596649e-08,1.1510373357663664e-08,3.207720371596353e-10,8.384246607226583e-12,2.58876747175639e-12,5.9632337775512096e-12,0.9999996189519402,1.2331257281213713e-12
14018,3.747295408547902e-05,0.00020477416986175676,0.21604090686651256,0.7792254589707056,0.000230587258171947,0.0023420145502527894,0.0005928690549805785,0.00020477040458850436,0.0010725430780350324,4.860269280548879e-05
14019,0.018546393061429738,0.13920617255710765,0.10598502703539651,0.11283535567922383,0.04141461821515493,0.0026037737251724596,0.00020101498470838727,0.00045034338015088215,0.5786605542533019,9.674710835384529e-05
14020,0.0011766156307339614,0.005614303441253493,0.2370160324642324,0.7071680247533739,0.00982416099943904,0.002438858764127388,0.005957480799676537,0.0038662605311617334,0.02610341196946468,0.0008348506465370543
14038,0.0007435097551973336,0.007820754675720236,0.005752793341427788,0.16934984485891003,0.0011369729345271978,5.768581749806394e-05,2.7140431189285375e-05,7.64261513840675e-05,0.8150183691385612,1.6502895584870714e-05
14040,0.000571389248218732,0.0031946897681568846,0.3074376378334846,0.652269107597002,0.003070677639871852,0.00299083132771922,0.00641916999203429,0.004268053162964334,0.018822954220420695,0.0009554892101274306
14061,0.00014605590225242145,0.0012618293667607978,0.0022174033245874105,0.12442128098312086,0.00033271934467420566,1.7704953033272646e-05,1.1346752922193472e-05,3.561024118350986e-05,0.8715481619768346,7.887154630818113e-06
14076,0.008194901141160262,0.032431185554879546,0.20962468122099018,0.599373939063691,0.06179144586986999,0.0021411954570571302,0.0033226639373594357,0.0032362720514419346,0.07922135480013115,0.0006623609034194248
14087,1.7017053452721396e-06,6.412199340798862e-06,0.018376694882988185,0.981332399481486,5.912107749303405e-05,0.00020466871217561405,5.13508310802137e-06,1.8563311585243133e-06,1.1609763376700064e-05,4.0076352778900116e-07
14089,0.0015444526698147987,0.013351411678141046,0.481657033486332,0.3426549281259311,0.004938789649205172,0.004151417853451986,0.015730591590505816,0.038215528005298434,0.0898355003663778,0.007920346574941688
14097,2.7883838471547644e-08,1.2008416731200422e-07,0.005276920530456546,0.9946795607449852,5.007417113343041e-07,4.196077721668632e-05,3.6003699533585994e-07,5.799500556392774e-08,4.775594757814842e-07,1.3646147734711054e-08
14099,5.773149051076588e-05,0.0003510570708151968,0.5433037251722157,0.4476985363287481,0.00022469160401073597,0.004307933906529672,0.001344441178164272,0.0005746608872862426,0.0019919058596590197,0.0001453165020604175
14106,0.0006348598912297562,0.003950892449765285,0.3761912261662695,0.5703695951775237,0.0029256942405785627,0.003354069128919211,0.010037855701970844,0.008559951220010726,0.022077209236454617,0.0018986467872777
14125,0.0001983383320181869,0.002050476777814186,0.004612818195456768,0.01860080813297533,0.00027039620560991126,1.7177600803705263e-05,4.844938787986422e-06,1.1898901019690184e-05,0.9742307218033781,2.519112136042505e-06
14128,0.00043823794350957316,0.0017259292759575818,0.09946181503789782,0.882601476525595,0.009437159591426441,0.0015036368926835617,0.0006416222868862278,0.0005195813032971985,0.0035634954560674476,0.00010704568667927028
14129,0.00018296033849481505,0.0009974723005461926,0.3249571057525011,0.6591851042442847,0.0007904954656077713,0.002802676771680649,0.0008109888488010584,0.0008844550070270582,0.009165065808623776,0.00022367546243282657
14159,0.0008142667309393168,0.003875159109070532,0.17758893576517093,0.7859737027825446,0.006940908575840879,0.002115488552690188,0.0027154804801592445,0.0022502927884398816,0.01723184566699132,0.0004939195481530486
14184,2.157622282193449e-05,0.00010445401732793423,0.06304340405025861,0.9350796255904372,0.0001644339130970002,0.0007609666656147896,0.0001546040306119363,7.494632363407941e-05,0.0005784920934083862,1.7497092788183324e-05
14199,1.2159180609892396e-06,5.895570931710246e-06,0.3304484178683629,0.6672407539264188,8.902841913931328e-06,0.002129304169370172,0.00013170532357093396,5.913543054695623e-06,2.6461584450162386e-05,1.4292538657499626e-06
14213,0.06706933075255697,0.21203895690879665,0.29702274973646753,0.022481653406235796,0.33432637094176476,5.77049486279704e-06,4.645381582793139e-08,6.271544238133601e-08,0.06705504541461987,1.3175437455319564e-08
14214,1.0229355801170029e-05,6.665675359986209e-05,0.94942350197822,0.045406627723321005,2.093696070461343e-05,0.004075733098223907,0.0007475923629939972,7.841679246522102e-05,0.00014911538913072543,2.1189585539615926e-05
14220,0.008412721495834972,0.028713452154876,0.12969670549662635,0.7185727556372747,0.08992283593721692,0.001259095657534038,0.00043352366420384964,0.0006047330327302484,0.022254821679305946,0.00012935524439691812
14224,0.061194281236989057,0.19425191457844979,0.3165873857648712,0.02013960182758396,0.33321771795528726,5.000676468368533e-06,1.6803391966091223e-09,1.7570513180662932e-09,0.07460409409450681,4.284530086622291e-10
14226,0.01418208404394535,0.07499170286880011,0.19653975164239781,0.3345334911534651,0.0675877062287211,0.0025703261021747647,0.0023677666581685833,0.00962966538052058,0.2959141131540058,0.0016833927678008777
14227,2.852735823680601e-13,9.948805965594863e-13,0.002638859388265474,0.9973601581973901,1.6511372012165092e-07,8.172757413701955e-07,2.571850162450274e-15,1.1416002152039683e-16,2.3600090778341732e-11,2.992566964621948e-17
14238,0.048174430638695684,0.1507059109365767,0.24966841939651782,0.2062857301106765,0.28711515855656966,0.0003417117034924258,8.58629719440502e-05,0.00011974918495193167,0.0574782400782368,2.4786422338473177e-05
14247,1.5509110484010914e-06,8.450440188032855e-06,0.39156522521495735,0.6050067359431159,9.118604609679378e-06,0.0032092057566493123,0.00013504105061699247,7.6060829186011494e-06,5.5184196746686385e-05,1.8817991489095516e-06
14268,0.0015040613397382702,0.013146050495021735,0.4828571835971712,0.3186463559446923,0.004677443782454992,0.0037877561036169195,0.018084802467432805,0.05120231018191275,0.09588244288066364,0.010211593207295417
14277,3.337299540242888e-05,0.00016460997977308156,0.09914362221843233,0.8962554841426421,0.000279417162382598,0.001007865990225672,0.0004453891508430498,0.0001563532321445555,0.002477395530881263,3.6489597272990285e-05
14288,9.54420867921479e-07,5.266604964570547e-06,0.7260136322636572,0.26829682503742686,5.149743957944116e-06,0.005297982513938893,0.00035303897399841595,5.614455698680844e-06,2.0125707665054497e-05,1.410277824328157e-06
14310,0.0016217022978307477,0.01331798332300856,0.4648316234232636,0.32585677837346605,0.006091295321693701,0.004100514872617873,0.016757938774043062,0.04430732633093786,0.11448347400701675,0.008631363276121745
14327,0.00020421791976591876,0.001005460035889923,0.30528413205833693,0.6757610397208562,0.001716074379570083,0.00406152550516239,0.006807628322833978,0.001223262029405143,0.0036808709766207757,0.0002557890515585513
14336,2.2129080261452265e-13,7.694300665023924e-13,0.0021728539026176115,0.9978264543082724,1.1986617011337168e-07,5.7190487297302e-07,7.0016066123880685e-15,2.9770488264536115e-15,1.7065289486163262e-11,7.376109519112433e-16
14348,0.0013168784336341944,0.006640523560652527,0.26344240825109616,0.6739689106782207,0.010110608436041694,0.0032260528294778415,0.005463921025681147,0.005907706595103292,0.02868798185353712,0.001235008336555434
14352,4.538870199977942e-32,1.2546807445181242e-31,0.9999999942518132,1.7043437208229402e-21,5.432407023390927e-27,5.748186634020431e-09,4.86418451537848e-22,8.140564320701347e-26,1.145616050848621e-30,6.206410187063906e-26
14362,0.013228952571996966,0.05825833615321101,0.19822972462561117,0.4983817173228252,0.10026587406473526,0.0021304244258762367,0.0016720356938851565,0.002870764623235044,0.12441554257758529,0.0005466279410385583
14363,0.0002670604164409133,0.0014847246890987535,0.2732954743042268,0.7005840460131347,0.0017282617036944565,0.002438600288035793,0.008776092009060404,0.00233265456865099,0.008579326305759416,0.0005137597018975521
14374,0.00142567588588173,0.011452046043845487,0.01650849071234313,0.07698748973536126,0.003365766570418583,0.00022150301975706055,8.256918026869711e-05,0.00020383829273874204,0.8897102421963512,4.237836303399828e-05
14384,9.35240774568941e-06,4.589118813264426e-05,0.056118379617091485,0.9427473904299157,7.01187014026996e-05,0.0006545259894660042,6.839032709445925e-05,3.140917944141084e-05,0.00024711169196336063,7.430467746648581e-06
14385,3.325935781169371e-05,0.00017271949929703451,0.1783226095461405,0.8172528152844871,0.0002502532780596794,0.002393206420896174,0.0005909928659249261,0.00017330763892040555,0.0007710992974164509,3.973681104606611e-05
14387,0.005647398608978514,0.9924950698912026,0.0018556218120944744,8.391876196942702e-08,1.4820158599040137e-06,1.982860537939675e-11,2.295022970714657e-15,4.507813236119336e-15,3.437332658694628e-07,1.4210684825772146e-15
14395,8.006612506338631e-05,0.0004024831582915881,0.15393405943424324,0.8392079192464876,0.00042525367223011543,0.0016065842496556706,0.00028286865583211326,0.0002770025507807335,0.003715129997411093,6.863291000449094e-05
14410,1.6257590677847684e-06,9.169496537014255e-06,0.45487234047439323,0.5382312002674133,1.2779666809534373e-05,0.006826818994650365,2.1498367198937973e-05,3.16634461952027e-06,2.064225305195499e-05,7.583762581942604e-07
14420,7.966875634209295e-06,2.681870986824144e-05,0.11402343938797374,0.8851656499400459,4.1731408911832276e-05,0.0007243203788838702,1.8387329907569777e-07,2.3512804047598955e-07,9.60273966877039e-06,5.15576739891653e-08
14423,0.0001777226021525569,0.000881656005932434,0.1441299745758643,0.8431704238530464,0.0018700343176389516,0.0022773251451468873,0.0022843250266952,0.0009321178187700022,0.004076162660749201,0.00020025799400406435
14449,0.06592246830959378,0.19765145200675005,0.2859490748234543,0.07765749727198061,0.3093163563298772,0.00018405173157146477,1.5216468908562318e-05,2.4117252070705576e-05,0.06327466681401564,5.098991777631521e-06
14452,3.421584782994959e-09,1.375768547251358e-08,0.002413445212256203,0.997583814695639,1.774437789163655e-07,2.4645146096280053e-06,2.1005763716088354e-08,5.014236614751676e-09,5.377247385987311e-08,1.1619718840715325e-09
14456,0.00038862965502801196,0.002530730769841992,0.5986043495615846,0.3646868026076493,0.0011489670172605709,0.0036000603675268293,0.00723078574325074,0.007457886143846458,0.01241094182498517,0.0019408463090261467
14471,0.001317485727548162,0.010711439548083691,0.6663825834064704,0.13019824417013423,0.0018932097468876623,0.0021905255685547216,0.03037166924289625,0.08075877804583778,0.056537293320429394,0.01963877122315767
14492,9.452119836886418e-05,0.0005793660865692534,0.4592136949322446,0.5296939178390251,0.0003562465195905796,0.0036191580131835362,0.0017825009011783193,0.001029361013121116,0.0033706050987833227,0.0002606283979351991
14497,0.056852541334619866,0.3400771863551761,0.19166594549862817,0.08070744443475754,0.1575514939310024,0.0014448220931050965,0.00010143871136282874,0.00023318321952336962,0.17131666922429095,4.927519753374059e-05
14502,0.00028776084488333205,0.0014740067045508176,0.19687415181238885,0.7832026675424326,0.00250529166447965,0.003058978299254368,0.003936863751231824,0.001734408074622939,0.006565948479031214,0.00035992282712432627
14508,6.070099665827978e-13,2.471260057799351e-12,0.0017230201785141106,0.9982764021938954,1.272646429372957e-07,4.5033718333902906e-07,4.740653429392603e-13,4.731931005888336e-13,2.1626790525336858e-11,1.1191211509466036e-13
14511,0.0001854176648981689,0.001021961802510972,0.3416388018299079,0.6378728076763314,0.0011860127106724408,0.002610659816759259,0.006655777282693297,0.001924740236735143,0.006473026295171301,0.00043079468432003084
14521,0.06411995083350551,0.2025021669293773,0.30260022018475374,0.023701953920903865,0.33757954448340755,8.564922509010179e-06,1.8849186103297805e-07,3.1491050081626677e-07,0.06948702872939858,6.659378250460184e-08
14522,1.5824193749639493e-08,1.3201858518195897e-07,1.2982119455535828e-06,9.999465052159046e-05,2.4970843407310257e-08,1.3356711345428059e-09,2.5278871494633467e-09,1.870810922492223e-08,0.9998985071453674,4.6068757123491675e-09
14532,0.0001697788270870506,0.0007981948701273655,0.712254659028432,0.2466235620339042,0.0010502568425020337,0.005475040277135113,0.027582325976662554,0.0009082650669286197,0.004938941897585117,0.00019897517963602833
14544,9.393339225559153e-10,3.201463931951871e-09,0.002315932633453502,0.997681080582961,1.33494789664631e-07,2.8395966186500323e-06,2.6196267687868564e-09,6.642834882465432e-10,6.113374737228079e-09,1.540943715066127e-10
14549,1.7379552952291395e-05,7.037615517901732e-05,0.10761528289305558,0.8890795319991444,0.0004464917797219775,0.002541453647977461,3.801313366896981e-05,2.1855452059191265e-05,0.0001647582288231012,4.857157418138393e-06
14566,8.536678911502597e-07,3.5887510576638283e-06,0.0072872122854585955,0.9925712144787425,1.8434783088602203e-05,0.00010102713136025563,2.98478487397409e-06,1.4364008748576297e-06,1.291663525665225e-05,3.3108139567078715e-07
14584,1.2617659185098359e-06,6.194351038927432e-06,0.01869342632389448,0.981047052653282,9.466583542166882e-06,0.00018084244491069332,1.1540232315307804e-05,4.544263076452702e-06,4.4577832657777373e-05,1.0935493638293448e-06
14589,0.001676051096015044,0.010184485466291322,0.33304937838912735,0.5517481444084683,0.009407246534366899,0.0037153505749057416,0.008719324168628544,0.01518800046203177,0.06319595792252528,0.0031160609776398553
14606,6.2408389560469536e-24,2.2648905103798468e-23,0.9980085290127796,8.750448269691751e-13,2.3705051289944637e-18,0.001991470986345574,1.3390287509438471e-20,7.522361745409725e-24,3.5446935611619463e-22,3.6933674780807244e-23
14613,1.6283701449317142e-05,7.26550730324578e-05,0.05923395305828283,0.9390325449029925,0.0001903043944026573,0.0009077944130845559,0.00017699941095520677,5.1151652507443394e-05,0.00030695833020779966,1.1355063085545104e-05
14615,0.0007624045454786722,0.007796934035218027,0.6745468641437283,0.053843724922871115,0.0008939601509778654,0.0009360211483977997,0.07918753542926395,0.11412336202728646,0.03325457197471459,0.034654621622063175
14637,0.011857114740910406,0.1055844602396238,0.07418874374918466,0.09830562196380781,0.02348514473487294,0.0011625563841075298,0.00024952196437798854,0.0007346358472203556,0.6842855971481119,0.00014660322778266093
14675,0.0008925920105380515,0.0055016358256515,0.3652288361796665,0.5501663036333538,0.004905980492203557,0.0034249959332878013,0.016874020221592567,0.011372482153048036,0.03927223919229447,0.002360914358363794
14701,8.701594140095103e-07,5.224390212397614e-06,0.9278395935808913,0.04169413667170768,2.550343627013309e-06,0.030446654901196156,6.977601297976561e-06,6.497754146354599e-07,3.198385929047271e-06,1.44190309685601e-07
14703,4.200597550110403e-07,1.8038672286741755e-06,0.0072951436633571145,0.9925976577468285,7.0586197234457995e-06,8.89172005845719e-05,1.8182300858955076e-06,8.131971735005176e-07,6.180514883802881e-06,1.8690037955701062e-07
14714,0.002243519524228123,0.018659056703066463,0.456624691923774,0.26532825783309566,0.006568555443908522,0.00307370226369355,0.016494671370301372,0.044873691502672466,0.176793381933061,0.009340471502198739
14725,0.0006141875634452259,0.0032100804674279745,0.32367609570570544,0.6274109192219455,0.004134939224627777,0.002777677533710826,0.012984652453373467,0.004556070478049208,0.01967585345797329,0.0009595238937413918
14726,0.0006868128316808836,0.003735778282451472,0.2792811343544993,0.667051536118613,0.004540781923380584,0.002977244836977434,0.012660681380790384,0.005818761938605395,0.022062096552034706,0.0011851717809668169
14736,0.0001141035385840811,0.000591999747442157,0.2328536834674014,0.7572289226585704,0.0005535035835411564,0.0022560168249422244,0.00046792731079620435,0.0004528661153063174,0.005368046781024993,0.00011292997239106765
14741,0.0006817261510560947,0.0035850625616558143,0.2948134644644175,0.6598300728857323,0.004483278039063123,0.0026889080141261215,0.0070740983651303695,0.004240109018635642,0.021656766171739433,0.0009465143284435554
14749,9.181750836225471e-05,0.000574968208329283,0.7112449223498146,0.27183140552420715,0.00033891103467568985,0.0035984698811430465,0.005932444046985827,0.0026730120117212453,0.0029996222970869843,0.0007144271376738267
14775,2.082259133023213e-06,1.1300254936155813e-05,0.20396143877097037,0.7934526356810672,1.4627356460961453e-05,0.002450610120887497,4.935599132499051e-05,7.628367120904078e-06,4.848984167778929e-05,1.8313564212879943e-06
14778,0.025706684322812458,0.19748888475849768,0.15591049358534922,0.14770053672250572,0.06674682846002691,0.004006058991533729,0.0003811197587866658,0.0009321785045491559,0.4009372735913871,0.00018994130455139458
14785,1.4639629710100596e-15,9.851766926305281e-15,0.9937217362151116,6.600252355143648e-08,2.1827258085603349e-13,0.006278197782076718,5.55674500909241e-14,4.883102763335545e-16,1.2533296946805266e-15,1.0369192942107518e-15
14807,0.022335435157730045,0.9689751346413148,0.008478629723683156,9.768988822412967e-06,0.00016196451981428952,4.932299220713966e-09,1.2450814386254926e-10,3.912850354963042e-10,3.906143380664151e-05,8.67363703059799e-11
14810,0.0019898777408687484,0.018774048811901242,0.4639511787498655,0.3080313285124154,0.006091832529667372,0.00397320565151588,0.014634738405103789,0.042868780365680745,0.13120108701777738,0.008483922215203938
14814,0.0012641526473345032,0.01068019923411551,0.5452191462112098,0.2547550297133375,0.003091064283539038,0.0032043796220391683,0.02135253904264292,0.06732254507362127,0.07856838668827058,0.01454255748388959
14845,7.654894998220716e-06,3.781480401670198e-05,0.07289835411582855,0.9258877352376429,5.5186596788197565e-05,0.0007250541640383857,6.910379797577207e-05,2.870731655726871e-05,0.0002834775218138807,6.911550340070415e-06
14848,1.4470568405599433e-09,5.6748749489959e-09,0.006627849254287406,0.9933050756371177,1.6527959738268004e-07,6.683554396158158e-05,4.7078133285906395e-08,1.9994578976940473e-09,1.7618744821024673e-08,4.667683280313347e-10
