idx,Neutrophil,Monocyte,Meg,Baso,Eos,Mast,Lymphoid,Ccr7_DC,pDC,Erythroid
13199,0.0005920740267659494,0.960086980097555,0.007103510293349362,0.001134584594359863,0.001058148879857976,0.00011026760516086107,0.0065772880754716824,0.012794882113767217,0.005097859188109339,0.005444405125602745
13210,0.0006838923142024136,0.9419658921253495,0.02141999297707948,0.002486858024144072,0.003802117764831665,0.0005118167883936258,0.008635724549846725,0.008272287055623637,0.0027934154653574015,0.00942800293517176
13226,0.0003552478771109417,0.02652962639046702,0.9573071265466945,0.0034633698819288247,0.006307278969847488,0.004830643941500505,0.0002802428623936584,0.0006685892717870291,0.00014427227761876622,0.0001136019806511523
13235,0.0005212040610672506,0.05562812034618965,0.918494955023721,0.0044534278305793495,0.005636322067333771,0.01340518925837772,0.0005412897033012895,0.0009848008406253674,0.0001141077285191952,0.00022058314028541165
13256,0.00036263175009784276,0.9906690239221618,0.00046388593684749035,2.2654818607334698e-08,2.106866593962297e-08,2.772708175009247e-08,0.001666542958939352,2.8620274174066076e-09,1.2178361516796113e-09,0.006837839901523873
13258,0.00038672510969256057,0.9798588185109853,0.0030795566546245557,2.1408282561285097e-07,2.3332958723633924e-06,1.0280891274305844e-08,0.011830834153197673,5.358878560074368e-08,1.9612106051925877e-08,0.004841434711019183
13259,0.00038653056368689713,0.9797052423538144,0.0030875763462962463,8.469350957240892e-10,5.807999575512572e-10,2.8626306509034075e-11,0.011982378630340506,2.355424532219796e-10,1.264238672283674e-09,0.004838269149719571
13260,0.01691863849153106,0.4098163556144449,0.1955736645868804,0.17919409101302675,0.17461981243532293,0.012627969392387703,0.002983986947288561,0.005717557027112458,0.0007054655553814825,0.0018424589366236636
13266,0.0004043060874582956,0.9798227468579169,0.0034823329994037667,8.92181671844018e-05,0.001020404374702858,1.000673079989975e-05,0.009710226728769245,0.0001376000315667158,4.911959137154791e-05,0.0052740384308265584
13274,0.0007055756470738624,0.9419349148510581,0.026475434196231044,0.0031173133631083203,0.005980939254490727,0.0005582679458824797,0.007721583423726057,0.00554507660519729,0.001269618499240214,0.006691276213992121
13291,0.0004627479434057637,0.9664667649366121,0.013400882573936188,0.0009312507221826907,0.002090543054891087,0.000151965408621873,0.009364846297896112,0.0012028853525438668,0.0005556488763672493,0.005372464833542947
13300,0.0003866038149291715,0.9798026523579774,0.003087051054438413,6.889560791131017e-07,8.158757506759354e-06,2.565586356621455e-08,0.011872236455131198,8.97214472563946e-08,4.0430820553248743e-08,0.0048424527958063224
13302,0.0003866110316823064,0.9797170633883923,0.003084978045964429,8.608078092210824e-10,5.891952340901412e-10,2.9100829734221663e-11,0.011977877639958712,2.336596129916905e-10,1.2540622116495756e-09,0.00483346692717648
13313,0.0005498420887583878,0.9560090471166973,0.020095478986558078,0.0012443658170716698,0.003565778774240018,0.0002246816722018716,0.007200467535901657,0.0034755948434971595,0.0011232829968420477,0.006511460168231639
13314,0.0010424238288626987,0.8331507810420528,0.07253116751574969,0.006391080094910262,0.008228282677375593,0.001264904088848259,0.015981546957377666,0.0387524487189124,0.013632956205987822,0.009024408869922854
13322,0.00038707983947136045,0.9798286992082209,0.0030891861546371966,3.264892545995177e-06,3.41710679808408e-05,2.062260218263427e-07,0.011773933149984248,1.2017891402199445e-06,4.92896157916355e-07,0.004881764775839361
13341,0.0004125291347918357,0.9807219184904616,0.004014964953248603,0.00020630092494290168,0.001162378926608663,2.7662804424573692e-05,0.007031077710981494,0.00035640415304356957,0.00014950477195996295,0.005917258129536652
13350,0.00040524652899971876,0.9736553902278062,0.005986802098666979,0.00028678509298013527,0.0037337582678002483,2.9119085794567706e-05,0.010292326460121057,0.00026821123624137333,0.00011446801743605648,0.005227892984153722
13352,0.0007999106024626291,0.8278362332149627,0.032068795696982136,0.005058906465387439,0.003201065299472807,0.00036820296473810395,0.026933250903790434,0.07342327000668816,0.025934616866138654,0.004375747979377
13353,0.022040138216643197,0.167538704913752,0.1736836942400608,0.22565243390418283,0.12751345202818237,0.28099301280079214,0.0002530741000605627,0.0009739151269439261,0.001233373951705323,0.00011820071767675492
13361,0.0003866028363008932,0.979827050456532,0.00308107931430346,4.7064988330941074e-08,4.261185601461337e-07,2.8338471725249503e-09,0.011863050202516661,1.7018332077514133e-08,7.51933604341055e-09,0.004841716635283379
13366,0.0009910022105243939,0.8455261183284113,0.07470096665425671,0.005839706173769694,0.010869677220141103,0.0015302591905236335,0.014481985860955542,0.02712277792733017,0.009193076301652184,0.009744430132435292
13371,0.0015144714847609932,0.7420580470241063,0.16348710262900382,0.011540490707025194,0.02055022616873361,0.004186881474727566,0.01173521838420362,0.02961187979301862,0.008113562544541871,0.007202119789878406
13375,0.0003923428798641126,0.9812772989704157,0.0027625210057841344,5.778431428113799e-06,5.782242042026611e-05,5.511227086906997e-07,0.010358321354252176,5.404174326515794e-06,1.939584451967649e-06,0.005138020056347971
13389,0.026003851063720294,0.12611564834966296,0.28735393592700664,0.35471628909338854,0.19249340987732128,0.012978346404406777,5.9335131602469035e-05,0.00021584125109296056,1.2796425456422113e-05,5.0546476341689326e-05
13401,0.020236404492735345,0.3587588922096093,0.2092708097938741,0.22115383687256437,0.16612971808236526,0.015337427090280558,0.002155162866156972,0.004598491132455941,0.0009008750931245238,0.001458382366833585
13407,0.001151407965511894,0.8054108091213766,0.11013929483561087,0.008229543681845645,0.023781530557654095,0.0026310662802372037,0.01199097625706361,0.022405159914684808,0.005546003450234058,0.008714207935781215
13418,0.029210564354868768,0.13007861561655792,0.2466402994341522,0.3913259563034203,0.18991132920392803,0.01274772107807678,3.4529176544302304e-05,3.1234751625939574e-06,8.53193383693752e-06,3.932942345216943e-05
13419,0.024848352453736743,0.2466088476656269,0.23770357840128037,0.2852133559427896,0.18741286027192713,0.014650596646278435,0.0008768509122639495,0.0016013416680792133,0.0004551446075403241,0.0006290714304773211
13434,0.00032976499655646763,0.07540131368400597,0.9090175359862733,0.002892963216501388,0.006486820981115022,0.0025769494065418868,0.0009041779382803628,0.0016363589412632727,0.0003367424717795668,0.0004173723776826955
13437,0.011151904001799839,0.5575360476825694,0.18297680032526561,0.10002511236367315,0.11517401345559128,0.012515306420058294,0.004932244114719788,0.011765585194029218,0.0008004899990828708,0.0031224964432104868
13456,0.0004075937827071713,0.9812812375923026,0.0029816007868629616,5.094599181790021e-05,0.0004166574878395589,6.197928292099926e-06,0.00956879390756617,7.295074678731745e-05,2.4417544905160937e-05,0.005189604230919122
13463,0.0007296714624442502,0.8979399354338916,0.012328282332502636,0.0034398149489469503,0.0020129912948273865,0.0001968156374869474,0.01774758106031016,0.04363573443858447,0.017607294210162636,0.004361879180843116
13483,0.0004422293219984266,0.9848031201588476,0.0021424581154103573,8.965745950394776e-05,0.000392179947436591,1.3395306515211792e-05,0.005028392036427692,0.00023463812834555102,8.115095002759744e-05,0.0067727785754869456
13484,0.0004100625144921212,0.9789687484339945,0.003849320793677899,0.00013283968767335128,0.001320509416207285,1.562427848627767e-05,0.009645775047077624,0.00018979544438465297,6.601591377835738e-05,0.005401308470228085
13489,0.009147494534042785,0.5615790067351151,0.1925476932683581,0.08470461099397598,0.11446841599252433,0.012545891230577266,0.005361602405051787,0.01547591417159366,0.0008953909372879357,0.003273979731473263
13495,0.0006319687274805225,0.9256374244344961,0.04363355655310897,0.002714579183808121,0.0034242724752076873,0.000586374695663631,0.008749806120492438,0.006252179089295565,0.0025142754228466646,0.005855563297600433
13498,0.0004110430918896505,0.977388506394844,0.00433393613895903,0.0002042972050342622,0.0014093737639144265,2.555514064110066e-05,0.010563397036266122,0.000212466491014152,5.995086964483494e-05,0.005391473867792615
13506,7.316083849948194e-05,0.9999242112058921,4.0702383611639983e-13,1.9762834303796933e-14,8.385613820509131e-15,7.318586006167055e-16,1.4465048869465765e-12,7.962857209865634e-07,2.023217174818817e-09,1.8296447880002423e-06
13512,0.00040508373483943646,0.9766516356418882,0.0042918863710189985,0.00020379748479229905,0.001989188641823849,2.0120822489806454e-05,0.010955285506946905,0.00012725200906394096,2.888077014821626e-05,0.005326869016988487
13523,0.0008421343503318123,0.9444981178221894,0.01684296817176852,0.005083626822918167,0.011928453602311114,0.0005705902201641889,0.011051159217829187,0.002644263272684812,0.00019453608504582518,0.006344150434756864
13525,0.00041435296162099355,0.9858193992678871,0.0012617902859874005,5.3405325944107e-06,1.0591993888106287e-05,3.472380514305602e-07,0.0046993769068099005,2.6957916766096854e-06,9.570303557794243e-07,0.007785147991128459
13526,0.0006568039099306611,0.9588182098253502,0.012032380940308323,0.0027930468726938733,0.004838660124260837,0.00045231323386703157,0.010951524307165787,0.0025464282607117047,0.00026060632602151656,0.006650026199690094
13558,0.0003943031062378661,0.979062241323625,0.0035063826882235144,5.980836039917855e-05,0.0009482127785801336,5.036496941697994e-06,0.01091225835432046,4.952318576812341e-05,1.7077643360964122e-05,0.005045156062543093
13562,0.00039333572796060865,0.978451887399711,0.0038782566500544955,9.262366895548867e-05,0.0011646615393315369,8.335246955966851e-06,0.010844310242883879,7.163151841414514e-05,3.311627341982956e-05,0.005061841732313227
13567,0.0015892033069323818,0.8152166996406527,0.09464065718899344,0.009994687382005065,0.01100524333784485,0.0017406779334945802,0.013989556439352662,0.030571812910798767,0.011445216317673755,0.009806245542252023
13588,0.0004305959582048296,0.9713554687918056,0.005482745853691671,0.0005471159529154234,0.0004997810654374835,3.8489801331442774e-05,0.011192073382933683,0.004109957276365383,0.0020827167848252223,0.004261055132489091
13592,0.00038920858559600077,0.979894151122999,0.003082713688856558,1.3668059363392498e-05,0.00011958149781144786,1.205507083144003e-06,0.011416395001885245,7.856534124193134e-06,2.997733686527026e-06,0.005072222268594227
13609,0.009714803022212183,0.40571556776806705,0.27700506181664997,0.0945475533321678,0.14265584984668706,0.030915543047385096,0.0037112503319438523,0.032456605966400535,0.0010611702206263498,0.0022165946478602274
13611,0.00043709257307086174,0.9730374557868714,0.006843277518194492,0.00045135090991747453,0.0026684944885238225,6.566904148238248e-05,0.009306672893615503,0.000952437957694271,0.00036392409004573243,0.005873624740584072
13614,0.0005774706853867251,0.9516602298744052,0.020838076281998328,0.0014071868745705598,0.0027520511623606034,0.00024121928894124114,0.007237699197742272,0.006414609983757721,0.0023786161485618677,0.006492840502275362
13616,0.0004510564558148608,0.9797025718994096,0.004346483392381873,0.00022768342750649804,0.0012467679556644009,3.185323618806126e-05,0.006934745545355765,0.0008529569005220705,0.0003210373305122758,0.0058848438566444635
13621,0.0008197585066591318,0.8966007512852828,0.043778156114806774,0.004254490255030593,0.0060245932770917835,0.0009987607320648757,0.01103211514063463,0.02121407196087051,0.00634796878016488,0.008929333947393947
13639,0.00039029478812305907,0.9783380197776597,0.003753866466179151,6.824014782042803e-05,0.0010434990025599891,4.610993486192543e-06,0.01140318176001522,3.219170705366972e-05,1.681552490642052e-05,0.0049492798321961115
13642,0.0004166891674892832,0.9771234814987967,0.004719086738921305,0.0002179555314131141,0.002754970210370523,2.3576747119162434e-05,0.008840487731707706,0.0003250295988833994,0.00012149453665209597,0.005457228238646749
13652,0.011564933407607867,0.05480056347968861,0.033150175772031346,0.05811247199856262,0.028166973505342204,0.8141897593774614,4.348365242016382e-06,2.5915460367475678e-06,1.60101614788185e-06,6.581531879348063e-06
13656,0.0003867031068178782,0.9798240488487464,0.003082811593261003,4.7776779001486e-07,5.0546103729900974e-06,2.4082714157147024e-08,0.011854973303328605,1.1030838631844234e-07,3.834492004612779e-08,0.004845758033662412
13663,0.01212141065038973,0.10561166948078944,0.10060832073931059,0.08725346535396947,0.055904786351728665,0.6355979108683537,0.00021266387801513145,0.001591323323602132,0.0010059157521276753,9.253360171329313e-05
13678,0.007160950333820057,0.48023453994393533,0.23312333926964263,0.07704825115460809,0.11222068288452089,0.01968215270750046,0.005691568028521907,0.0608104180461998,0.0009803941848862733,0.0030477034463645713
13681,0.00039984639445135757,0.9738674161496821,0.005335441499217287,0.00021778823543660593,0.004218052436146479,1.5211219458130293e-05,0.010595042349885935,0.00013581095497839933,4.986507919104169e-05,0.005165525681552496
13697,0.00041600708005589256,0.9748375946826892,0.005322498433643434,0.00032569620775070547,0.0028479014377827756,3.71636547330402e-05,0.01075494179720205,0.000195559777455839,5.20975141431962e-05,0.005210539414543998
13719,0.012479616095932193,0.05270686094883266,0.06186850020214468,0.08924428883623062,0.04693489955445785,0.7367226695077995,8.200529220840573e-06,1.988758425075051e-05,4.138066884562788e-06,1.0938674246314494e-05
13725,0.001342329637792378,0.9421471003890781,0.016003282138843777,0.010383550738094537,0.011067857908124711,0.0006069883243883434,0.01110072396053104,0.0011645726989977304,0.00010100383168119933,0.006082590372468244
13742,0.0005802468906580059,0.9656041831254601,0.011781078776731629,0.0011346810462394418,0.0019601300929948337,0.0001917180926081734,0.005768116114181901,0.004720551307558793,0.0017390969111701726,0.006520197642396856
13752,0.00038334637349592685,0.9817418333635999,0.0025927708201841084,3.086870502233037e-06,1.1177610550350484e-05,3.263399171265786e-07,0.009852584755828645,2.4907854280532297e-06,1.3725753670035852e-06,0.005411010505126652
13760,0.0010591846670764263,0.8357767989148821,0.0823801658245359,0.0065740126250447934,0.008759812456712378,0.0014800441768674719,0.013700002206831957,0.03156066693694757,0.010017550214399418,0.008691761976702054
13763,0.0004068403566154181,0.973872858380226,0.005490346613615651,0.00030931692116323387,0.0031870851761715718,2.470064547272993e-05,0.011245877699847372,0.00012363454955522597,4.049161212117072e-05,0.005298848045211455
13765,0.0006388933948234035,0.9434842726900741,0.025877193735391546,0.0024900596518010877,0.006697656493328943,0.0004839853508784,0.00873364076911223,0.00401571261960396,0.0010664302602213464,0.0065121550347650384
13769,0.0005268150455026362,0.9641728053572047,0.008207061454761883,0.0008888128692391766,0.0012822418138648192,0.00016576053025778358,0.009143152856435466,0.002904085877180479,0.0010708017238051733,0.011638462471748014
13780,0.0004087537876065285,0.9791404308222754,0.0038151922687508387,0.00012221119976438814,0.0013280220007135836,1.3952777162734526e-05,0.009582709576843687,0.00020236105880857527,7.487232073950459e-05,0.005311494187334854
13786,0.001631767329209007,0.8195213138446789,0.07691326379618152,0.009982593350404991,0.008999428063474093,0.001307229010076891,0.01565284236059116,0.039652126992235755,0.01654726141150547,0.009792173841642207
13803,0.00038665995549762647,0.9797787140310661,0.003078094958894195,8.589734944126884e-10,5.877043751510781e-10,2.9035337142891412e-11,0.01192630842351831,2.331124161238337e-10,1.251170148245928e-09,0.004830219671028275
13804,0.00042862918134587303,0.978071822914519,0.004818395035703104,0.0002702753327757342,0.0023923669782657136,3.5090652079836204e-05,0.0076036003469577935,0.0005185549084721366,0.00019927496691872693,0.005661989682961921
13816,0.0004488309634832056,0.9806081854509483,0.0035067462207186415,0.0001864657122778389,0.0005443022892637065,2.969592248188851e-05,0.007926496737445575,0.0004123952608077948,0.00012747700630932622,0.006209404436263696
13817,0.0007352591076399018,0.897890408553428,0.014845075914816768,0.003555414122900369,0.00224133981801407,0.0002336976542375959,0.01740027640128226,0.04168303428481123,0.016570470857789708,0.004845023285080031
13824,0.00038747628780603854,0.9798530365724311,0.003097473285582576,5.212845069487327e-06,6.421587900413945e-05,3.5177740188742894e-07,0.011709963918776713,2.7415303071287734e-06,1.0467605428791506e-06,0.004878481143078219
13827,0.0004302354070617398,0.9735668034311484,0.00614306297757221,0.0003677570951290273,0.004551042167932398,4.02064974485365e-05,0.008616020752302892,0.0004873458846049273,0.00017531195577400816,0.0056222138310258645
13839,0.0004020379373879183,0.9746894025873079,0.0053878785469626145,0.0002459195704517421,0.003088364695556752,2.2264136707856026e-05,0.010638346176662532,0.00015501437893971536,7.343040720922311e-05,0.005297341562813747
13842,0.0003927285206715483,0.9810370593065579,0.0027707350594308893,1.3444756042015748e-06,4.605483192138359e-06,1.0558613095736662e-07,0.010520723670686346,9.60615264430986e-07,3.3504314389587703e-07,0.005271402239317642
13876,0.0005803255842094285,0.979290281141532,0.0027897052821011267,0.0004389142327448917,0.00043913798431667735,4.1299759326766366e-05,0.003124075241217959,0.005689194276346654,0.002553537797504185,0.005053528700700205
13879,0.0003907122091325856,0.9798333061405662,0.003257552049322217,3.822472647959145e-05,0.0004337367417371695,3.323295301646579e-06,0.010933835568584904,2.8633386226008808e-05,1.3274275982949767e-05,0.005067401606666721
13880,0.00041729424928505535,0.9731474492760913,0.005943315961083594,0.0003437623137774604,0.0038628572252645188,3.723124172258833e-05,0.010168543575768785,0.00033009970036270656,0.0001157198244538657,0.005633726632189848
13882,0.025711362750859557,0.19246098893760993,0.2683934629405306,0.3056651324538087,0.1884000683339581,0.018249208458908872,0.00038757028435208805,0.0003953352354161423,9.12936620474631e-05,0.00024557694250837246
13887,0.001514396899078576,0.848027101112781,0.07486061506067379,0.012304580517390942,0.01667709239065825,0.0028856519912873286,0.008683048984068801,0.025580001654284517,0.002133410490426482,0.007334100899350188
13892,0.000386577079321872,0.9806112775631532,0.002896235994015853,7.422428821503017e-08,4.610378520979039e-07,7.036126376982505e-09,0.011091736446038628,3.87242571935284e-08,1.570436928932693e-08,0.005013576190577044
13895,6.476842962582945e-05,0.0058903902015679886,0.9911817273970843,0.0005897355723896176,0.0008909915249352368,0.0011548679217735086,6.223821749299242e-05,0.00010915417757089707,3.109193584332455e-05,2.503462171662089e-05
13897,0.000810435411509577,0.8895500590646573,0.014942954912906203,0.004355862141422276,0.002488798969867572,0.0002423504594309179,0.0180548584974435,0.047332762974862705,0.01779927383573566,0.004422643732164482
13911,0.0005444802839499394,0.9992205406062251,4.136075054637439e-08,3.607400635351546e-13,2.7462541940111816e-13,1.2177120419031991e-14,1.6664969406012575e-10,2.7136193318907836e-11,9.923181372219575e-14,0.00023493755454173307
13913,0.0011648054518135149,0.8279523684979816,0.08698868062300275,0.007337780545592773,0.011111099648485681,0.00171836072661476,0.014076260651192867,0.029960610876629,0.010177900683780374,0.009512132294906755
13933,0.00042426109863543575,0.9930630068530512,5.007571036333157e-06,3.3165042410540344e-11,1.7343729893193867e-11,1.3423496477678693e-12,6.225457869756939e-06,5.109801618129934e-13,1.0856927839506768e-12,0.006501498965959323
13940,0.006119797183617113,0.14999512847424706,0.5941031895622195,0.060285074928353985,0.09235221743914232,0.083045946506876,0.0011646682248836102,0.011680431704520117,0.0006012547047549336,0.0006522912713853196
13941,0.000974983955441477,0.856247387168172,0.06785992210433935,0.005860031809442664,0.008095706379099529,0.0013752291988364006,0.013500987107292995,0.028553646373915515,0.009627017677538778,0.007905088225921382
13964,0.0016197912088341648,0.7850004586641899,0.12773580759252837,0.010746813277859224,0.012249930550346708,0.0022248115116835095,0.012714651669231436,0.03005808305519157,0.009378414294007717,0.008271238176127491
13966,0.018399419890910783,0.35982867984051936,0.22192236676832441,0.1936465758028277,0.16518261255140215,0.024457298439551047,0.00230196658185592,0.010795118503177518,0.001976001644024744,0.0014899599774063806
13981,0.00040294110498228933,0.9857193547767713,0.0016856087862166893,3.8217484188193005e-06,1.72655363241049e-05,3.794326873288133e-07,0.006224001652967828,4.354222031792784e-06,1.6051313495328767e-06,0.005940667608250386
13989,0.0004097259318930439,0.9882113328905616,0.0010506599600790417,9.223438307520974e-07,2.8608891457429317e-06,6.960950797829162e-08,0.003890006965988271,6.848108079943692e-07,2.5198959347980713e-07,0.006433484608592162
13991,0.00014030517958059672,0.02647913455227636,0.9672951220258972,0.0012577175569638776,0.0022861073021771326,0.0016657385023162567,0.00028597718783098333,0.00038691044887001323,8.045653656858233e-05,0.0001225307075189983
14007,0.0001961658632829471,0.013375752992340983,0.9786706921048843,0.0018545048459376102,0.0027452411874273135,0.002620995881404967,0.0001307370095613457,0.00028775072499466123,5.275042374738362e-05,6.540896641837754e-05
14009,0.00042423245190660353,0.9894286218718353,0.0005132859874214899,2.2479736381053593e-07,2.0196604671151536e-07,1.0874121246217356e-08,0.0018727091686139776,3.234366653684581e-08,1.2158229074919911e-08,0.007760668380795194
14011,8.413301516388175e-06,0.00041126617378928903,0.9991876572645934,7.118305333720408e-05,0.0001075217447691372,0.0001952696025713563,4.143918167293287e-06,8.761974595646944e-06,4.314011977412028e-06,1.4689546829609434e-06
14018,0.00042082461512387185,0.9771198026892852,0.004723274365068706,0.0002384177067110498,0.0017181597226243617,3.311899734249158e-05,0.009177941655049406,0.0004772620785872039,0.00017571520315171158,0.005915482967055882
14019,0.004699091722781311,0.08480734914047897,0.7457837979796654,0.04609111374541217,0.061779826645077876,0.05283351659254376,0.0005298398333041977,0.0028405726969798857,0.00032897415614160594,0.0003059174876146997
14020,0.000790241225489263,0.9283637928540992,0.03447724235933257,0.004195119644025636,0.008464645754263995,0.0007811030992105493,0.008819995931671362,0.005935526872746389,0.001580212293331476,0.0065921199658295045
14038,8.412659994514986e-05,0.06539881682769567,0.9309535150686491,0.0005741803772371828,0.0009355637008226683,0.0008040248381398802,0.0006597029096995425,0.00026339553323029595,6.401110082941439e-05,0.0002626630437509159
14040,0.0005990827591772196,0.949807376012798,0.019725759083016634,0.0018876062419914991,0.0032846097646637325,0.00038575246224509474,0.009108438364455249,0.005863659150600846,0.001976703356952674,0.0073610128040990305
14061,0.0001059919544014046,0.03328762948974494,0.9616454000453458,0.0008958692572332321,0.0016921435250258868,0.0013540517494796064,0.00037137494117496885,0.00041205667482874665,9.405675639310326e-05,0.0001414256063721677
14076,0.0062368077774670756,0.5944208051197168,0.21372844832441298,0.06356856526859658,0.07405613316855938,0.01272168331049676,0.006096620912170049,0.02423759354938563,0.0011665044404402729,0.00376683812875458
14087,0.00038726294936967785,0.9796993079321489,0.003080656557750535,1.93024175909077e-06,6.372856735116653e-06,1.5093700283030567e-07,0.011932618297921482,5.841821636171571e-07,1.362681672907294e-07,0.0048909797769816875
14089,0.0011202064168476876,0.8296703351060829,0.09422452919086807,0.007288346242168384,0.011843553901520457,0.0021433917060072567,0.012374237921284196,0.024926499354254852,0.008392167311284195,0.008016732849681917
14097,0.00038667731296526095,0.9798373696242105,0.0030836740954934628,4.8528915552163474e-08,5.305343393173684e-07,2.4698035540292648e-09,0.011854738068522,1.330719456763099e-08,5.943857975803269e-09,0.0048369401146979
14099,0.00046979025135031316,0.9812028582827154,0.003923832119807789,0.00026944265671862447,0.0008133322404730618,4.302677455374638e-05,0.005282797307839878,0.0011143302143402577,0.0004203120089780542,0.006460278143222682
14106,0.0007671597860845929,0.9234251177258772,0.037417167605623275,0.0037164790544485385,0.005654399929898997,0.0007430110455274592,0.00880181352284878,0.00917718772300335,0.003053681490668436,0.00724398211601939
14125,3.9912836186344125e-05,0.006718010463742064,0.9912970090101257,0.00033918883554397427,0.0006873743565275275,0.0006927798896083986,7.400955160090964e-05,9.778936000136975e-05,2.4734735211616448e-05,2.9190961452033863e-05
14128,0.0006277738407001941,0.9633438687856237,0.009284823520770523,0.002636899821336643,0.004146508803092485,0.0003261779186546671,0.011447923969585832,0.0018636387485990217,0.0001265897467443664,0.006195794844892513
14129,0.00046555137120775445,0.9719284813141635,0.00967701849586829,0.0007156660218530106,0.002181171752025728,0.00011735974944936282,0.006913553441709708,0.001753253626630431,0.0007022256161194711,0.005545718610972631
14159,0.0007378850029686951,0.9437566294784716,0.02364587722714692,0.0037053003424823523,0.006651801327301981,0.0006521634258058916,0.009759701397577586,0.0038534484522481775,0.0007766720034329003,0.006460521342563703
14184,0.00039454193529972785,0.9771434759734303,0.004172581928549906,0.000117966264069678,0.0017465223388462548,9.520020478363026e-06,0.011215906664606859,6.790840180402185e-05,2.7048332812625355e-05,0.005104528140102194
14199,0.0004160722446120424,0.9851912585940992,0.0019130097406249112,3.6425207198356295e-06,2.302152910381129e-05,4.08325400784196e-07,0.007072591990122179,6.132297109089135e-06,2.2087138835990037e-06,0.005371654044324452
14213,0.02550090549398379,0.1589827551855854,0.288452810253275,0.3290705090340171,0.18645719509252018,0.011391969690782147,5.6265452120141284e-05,1.786781909419071e-05,8.013681192629657e-06,6.170829742939149e-05
14214,0.0004701583351089545,0.9919416145409781,0.0005478862613255209,3.6434453021484696e-05,8.070011278845071e-05,4.578414317650667e-06,0.001103720938778388,0.00027757530575892763,0.00010843231098692054,0.005428899326935756
14220,0.008127098922653633,0.6838707163685431,0.11246367280123729,0.0790648881545372,0.09384939286318927,0.00604084555455885,0.007565106248981439,0.0043106192190451535,0.0005494331859986364,0.004158226681255579
14224,0.03060759164070348,0.1526280776816022,0.24223723724533994,0.379501719878146,0.1819826322597562,0.012933276766792743,5.187233847438109e-05,2.713014394490042e-06,8.192689660620601e-06,4.6686485130017294e-05
14226,0.007195590692014671,0.4037756495884472,0.2871773403553687,0.07623088262677433,0.11362472667452399,0.027024127388254195,0.004063320352332816,0.07719070628174017,0.0013285283419717877,0.002389127698572183
14227,0.0003865264678975563,0.9798383919492621,0.0030758900493906153,8.504066518365573e-10,5.82448749740968e-10,2.8744657937059698e-11,0.01185951551600864,2.3266958847531398e-10,1.2488161107210288e-09,0.004839673074355467
14238,0.023935709591681082,0.2886554363004437,0.22311799252560677,0.2751039918072265,0.16975759703738008,0.014172430429555677,0.001301288046554294,0.0023525892168254113,0.0006263992332512698,0.0009765658114752906
14247,0.00040668819476767214,0.9869567915701827,0.0014875148377100514,2.9758690593665733e-06,1.900690222099091e-05,3.315606876529833e-07,0.005452451265346438,4.7491745527215715e-06,1.8008448919380834e-06,0.005667689780580312
14268,0.0009483643015950952,0.8588606908751025,0.06830434246677448,0.005608216960824249,0.008187138815424669,0.0013710521722066177,0.012667766658451601,0.027146226488687652,0.008126043136166407,0.008780158124766797
14277,0.0004234438613702045,0.9691218351760229,0.007355019652563732,0.00046534810428550566,0.006662006278131917,4.4936154476623114e-05,0.00977778087595597,0.00042327040858462534,0.0001428083919008339,0.005583551096707793
14288,0.0004343309427071648,0.9912806553180605,0.00045088443599903123,1.7908334308687536e-06,8.723675748837672e-06,2.2597679076697194e-07,0.001620883225933164,5.301934320561181e-06,2.002522173090086e-06,0.006195201134835881
14310,0.000978883508050958,0.851207069892143,0.0766902438167211,0.006004263396731298,0.008881857914386566,0.0015334449592324534,0.012154010497904443,0.026659028208373965,0.007534618852575128,0.008356578953881132
14327,0.0005300652890433082,0.9713893804825359,0.004791796059811114,0.0007809753745274739,0.0009348841643434498,0.00010014680705847249,0.009540517272459545,0.0014295009290911731,0.00021575218705325127,0.010286981434076298
14336,0.0003865629248987317,0.9797868814282171,0.003083434961476302,8.514669485969857e-10,5.895635112338216e-10,2.8807117918995016e-11,0.011904713237496934,2.3363185944871495e-10,1.2528128191681645e-09,0.004838404491628535
14348,0.0011620298478194021,0.8989492203998253,0.04309250596368292,0.00818850728049069,0.013212719973239053,0.001765143339649838,0.009681766304124744,0.014780184570976518,0.0014009361306192949,0.007766986189572396
14352,0.0001158103450075893,0.9998840902165222,2.514251859547621e-23,4.2603857626642064e-26,1.8053899868754257e-23,1.3921859882973632e-31,1.5780712604983882e-23,3.2768021614541758e-18,4.918322290379166e-28,9.943847018052671e-08
14362,0.008880827892462013,0.5619551976453672,0.17763508440779602,0.09265543276258889,0.11630011547275558,0.012718134508550579,0.0056632386000605274,0.020213978195568222,0.0007624219240079357,0.003215568590843116
14363,0.0006646471765022511,0.9396167344772799,0.02800738582459981,0.002640373508396596,0.004865931627826775,0.0005102546260583518,0.008468635587105347,0.006193692849070493,0.0020136480305246087,0.0070186962926356376
14374,0.00018169564967923836,0.031185269840888773,0.9605783656841493,0.0016342355195369425,0.0030155071139271673,0.0023329821657606486,0.00033631832061840623,0.0004969156261071756,9.600494109743122e-05,0.00014270513823477256
14384,0.0003909488327101272,0.9793813360786432,0.003358660103161553,4.191851314617493e-05,0.00045714794920860286,3.891743557688243e-06,0.011301584577270143,2.874509381398169e-05,1.2191555723266982e-05,0.00502357555276515
14385,0.00041914171602653124,0.9777118856785911,0.004286571355188668,0.00021118045369752057,0.001604818482987827,2.850321099494412e-05,0.008721006609195753,0.00031577252422548726,0.0001056658999201922,0.006595454069171748
14387,0.0001091870053872978,0.00017041357016434104,4.7994969767322714e-05,0.00013629504786765044,5.913884338636968e-05,0.9994769559542254,4.467839806058042e-09,7.874599532782232e-10,2.766597101485976e-09,6.5873047085665215e-09
14395,0.00041783874065923557,0.9734687953041536,0.007039487889922357,0.00040523639699513003,0.0027307225216584258,5.3983858523836164e-05,0.009898361626629966,0.0004522836043970915,0.000205053005367353,0.005328237051692739
14410,0.0004064738152738838,0.9851271670988162,0.0014390251612437766,2.9858432787132088e-05,2.6887127397366008e-05,1.0985613007102278e-06,0.00525318187340835,1.2613495096821993e-06,5.054775412370381e-07,0.007714541102721573
14420,0.00045129895166106244,0.9342240688798213,0.014725175706250374,2.9124017370830536e-07,2.1968970939933054e-07,1.2638117482285867e-08,0.04558423455669514,4.437648898384624e-08,6.219045093787355e-08,0.005014591770631394
14423,0.0005375856732654585,0.9637926750000062,0.010610065629696394,0.0014025305429404304,0.0037405451195919605,0.00023505113863845966,0.010188951886314801,0.0017548473659363905,0.00043278922086311875,0.007304958422746774
14449,0.02654490918295161,0.19689348280184338,0.2544884100739375,0.31917284399628565,0.18432286790203875,0.016967045721784944,0.00042827405181118064,0.0006737900401664424,0.00019461028428675409,0.0003137659448937596
14452,0.0003865798839314697,0.979826030486025,0.0030824261282009447,1.963620016792065e-08,2.1269266646356008e-07,9.183132139205146e-10,0.011865705592508036,4.71946078245283e-09,2.875946268150623e-09,0.004839017066747596
14456,0.0006292847750304559,0.9451476546388937,0.014736163431288507,0.001990888056031782,0.002246600859750341,0.00025185657496796973,0.008763202038365468,0.014504999176476033,0.005707096628216132,0.00602225382097967
14471,0.0009172461928042563,0.8483436105033235,0.030188693018120605,0.006249341017505107,0.004180402511344641,0.000523809611773252,0.022291969622929234,0.0607684085739544,0.02108190573469484,0.005454613213550395
14492,0.0004639438566311258,0.9825502329604656,0.0033253596653984286,0.0002122604535422395,0.0007924920461300199,3.191033563645843e-05,0.005338747553260251,0.0008438347520012086,0.0003201794344682539,0.0061210389424663685
14497,0.015258849989589828,0.1527836487984964,0.4157126967986038,0.17328226720431494,0.14787345346280426,0.08643695671300403,0.000724003480109193,0.006939916101886791,0.000610528209226014,0.0003776792419648422
14502,0.0005383807127320706,0.965550103651944,0.009096125466567578,0.001365110137874942,0.0023766934472059754,0.00024463251299284937,0.010301925604347695,0.0020342780813786027,0.000316288805247619,0.008176461579708378
14508,0.0003865327214614158,0.9797964355643861,0.0030835695203411473,8.483255789083739e-10,5.889288849677563e-10,2.8685596447335386e-11,0.011893116801481819,2.334399003536749e-10,1.252726115696689e-09,0.0048403424402234645
14511,0.0005396399275409706,0.9576190051908433,0.01894647186307406,0.0010944336882235336,0.003489980728692358,0.00019180803849137875,0.006991854124890453,0.003468911702304453,0.0011836191629343783,0.0064742755730048136
14521,0.028128838788480926,0.14747651630070516,0.26245799469527753,0.3626716345047276,0.18663820357249788,0.01245522388754654,6.363918989257603e-05,3.734765138243305e-05,1.58288721858419e-05,5.4772537303547056e-05
14522,3.9848751479858155e-07,7.747935123746252e-05,0.9999090468339216,5.9315125916437284e-06,2.551747807113414e-06,2.485448370571532e-07,7.338428787895779e-07,8.306986921370055e-07,2.7590345324054786e-06,1.9945986950761086e-08
14532,0.0010944051363175277,0.9615004184290509,0.009315656752676245,0.00739191824102362,0.004686667573771551,0.0004114706065953372,0.0029188916462633122,0.0021776419262303378,0.0004493411978459592,0.010053588490225293
14544,0.0003865592019871576,0.9798177611575142,0.003082577823093793,3.898836471418387e-09,3.444241002819463e-08,1.2974828345259142e-10,0.011873713469899292,5.090575797984116e-10,1.3478246861470556e-09,0.0048393480196284614
14549,0.0003995085366341476,0.9781663701562625,0.0031570499350967373,7.157152671295984e-05,9.249784711315957e-05,5.486746125214262e-06,0.011135460602448686,3.213094630307449e-05,1.6048377919503227e-05,0.0069238753253840005
14566,0.00038729440562702106,0.9797785450789893,0.0030998742527460115,5.622241991261983e-06,4.2920625348022675e-05,4.1098481496720377e-07,0.011781794037837051,2.6260584724807232e-06,1.105313440108934e-06,0.004899807000733727
14584,0.0003890420655063962,0.9796748009455811,0.0032127680341455392,2.0136242992841602e-05,0.00029388211903414184,1.5463483409417742e-06,0.011472426977732412,1.3921993437852182e-05,5.764099548863443e-06,0.004915711173679639
14589,0.001356592432342419,0.8572237467807607,0.055612098705558444,0.01040652518927902,0.03180750277592999,0.0026302244948825477,0.010363070440274593,0.0190109542725731,0.0027359828797578743,0.00885330202864142
14606,0.00024399922084800897,0.9983794895626174,2.074237977373234e-15,1.3760709346741898e-21,1.998052375865944e-20,1.9625553486255288e-23,1.3118777203362568e-16,3.348769128147244e-15,2.709857336591069e-23,0.0013765112165291886
14613,0.00039400796962158575,0.9796925731683632,0.0031217542572491296,4.320225989919759e-05,0.00024087253116027385,4.151522097631483e-06,0.011093133553808036,2.8927409923662305e-05,7.12677203094036e-06,0.005374250555846317
14615,0.0006392970268598537,0.705581805478554,0.016960061281804245,0.004768377083030513,0.002458454075293235,0.00022368066212390567,0.05211942948274021,0.16259489293947055,0.052494103796554656,0.0021598981735690198
14637,0.0015325440272555518,0.05969045884962112,0.8636233865651576,0.014377590150957551,0.025399534455266697,0.029721688318246335,0.0006208622700931141,0.004406700496926635,0.00034354877865671354,0.00028368608781856807
14675,0.0008433186725522876,0.9068899231257491,0.04679669700789999,0.004453568029365129,0.0071503011184072835,0.001048996063916274,0.00982578683679388,0.011734706481933553,0.0036936637513657307,0.007563038912016863
14701,0.0007826579769551194,0.9736230192538224,0.00023548595540323118,1.5022733422368066e-06,1.2483220062902229e-06,6.293315204611988e-08,0.000737877942556936,1.909669145943997e-07,7.498140015472891e-08,0.0246178793944468
14703,0.00038696335196693654,0.9798063201985843,0.0030847658802204206,2.2302366537864236e-06,1.8116010858954483e-05,1.5572173105702962e-07,0.011820019426396164,8.779896553220475e-07,3.7657215066941983e-07,0.004880174611782496
14714,0.001243924000908956,0.8222815313203867,0.08286749716426496,0.007950711558971368,0.00961653774123726,0.0014724699847095952,0.015293877526647218,0.036942381139125326,0.013301659168681859,0.009029410395066592
14725,0.0006447009862709711,0.9474095302040844,0.022261570837859537,0.0024198488454461754,0.005083637017818101,0.00044277234169753455,0.00825344945416492,0.00520169619100907,0.0012743508792669644,0.007008443242382345
14726,0.0007307002661097872,0.9421522964788183,0.021310415596875094,0.003286377690499509,0.004895309089490472,0.0006718392303708268,0.009223672499780494,0.008197847400000038,0.0009416939746898643,0.008589847773365612
14736,0.0004279726509239948,0.9734913593107377,0.007460098669665696,0.0004678906740542015,0.0029358410450860866,6.672528744812339e-05,0.008704581982765405,0.0006508484841347968,0.00027734420709630355,0.0055173376880877185
14741,0.0008409115846445955,0.9192150256211675,0.04146441609271766,0.00476709680195728,0.009058009578510311,0.0009148753994739835,0.008746269873782025,0.006558309820165194,0.0018814064491229048,0.006553678778458369
14749,0.0005690497589584793,0.9687982588598292,0.0071565705964445015,0.0008338980035248784,0.0011757213643149682,0.00010437827211563343,0.005411522769462127,0.0072173281905040815,0.0029884452033318576,0.005744826981514313
14775,0.0003930230428708009,0.9815017281086634,0.0026245363011355256,6.243726021602299e-06,4.2027470114590556e-05,5.305804021391296e-07,0.00986302911512307,5.270099711458913e-06,2.060395478168083e-06,0.005561551160479336
14778,0.007538976565472938,0.22111921833659057,0.49600202738409227,0.07711366522226451,0.11521848416841696,0.052843143184836315,0.0018645845773670737,0.02643136283524251,0.0008305423675521393,0.0010379953581647703
14785,0.0003102705934328398,0.99675735384809,2.1889592121389834e-10,2.3640385539164036e-15,1.1304092039344697e-15,8.07548399171228e-17,6.430823593315403e-11,7.545804439833419e-13,3.0203484691939325e-17,0.0029323752745148745
14807,0.0036368297330099768,0.009900921530549979,0.009179164855550113,0.015854843437129725,0.0077760060434885914,0.9536481486581334,1.0255247909888592e-06,1.0867337730271018e-06,4.810243570309333e-07,1.4924592173231239e-06
14810,0.0010970626721551124,0.8203424810046686,0.09308791825578971,0.007038882862522808,0.010109217155026691,0.0016820485926185165,0.014203305570501212,0.033061685202086175,0.010811024875270536,0.008566373809360647
14814,0.0009024843602203727,0.8676317670773296,0.036856955732086936,0.0055825367333755425,0.005106710877555263,0.0007916816256853365,0.01846929193569912,0.04233542578350122,0.015472385016884877,0.006850760857661868
14845,0.0003948539849217357,0.9786580912305414,0.0037170476614271477,8.102998378397872e-05,0.0012887317039612925,6.582101010499355e-06,0.010669394221134599,7.072419996839203e-05,2.816903996506764e-05,0.0050853758732856864
14848,0.00038679563413002345,0.980000490162743,0.0030511533034290918,1.8426117908031102e-08,1.0942867817002797e-07,1.3381568992294251e-09,0.011707507095563823,8.635579359735386e-09,4.3266866959729695e-09,0.004853911648915072
